02AB006
02AB008
02AB014
02AB017
02AB021
02AC001
02AC002
02AD010
02AE001
02BA003
02BA005
02BB003
02BB004
02BC004
02BD002
02BE002
02BF001
02BF002
02BF004
02CA002
02CB003
02CC005
02CD001
02CE002
02CF007
02CF008
02CF010
02CF011
02CG003
02DB005
02DB007
02DC012
02DD010
02DD012
02DD013
02DD015
02EA005
02EA010
02EA011
02EB011
02EB014
02EC002
02EC003
02EC010
02EC011
02EC018
02ED003
02ED007
02ED013
02ED015
02ED017
02ED024
02ED026
02ED027
02ED102
02FA001
02FA002
02FA004
02FB007
02FB009
02FB010
02FC001
02FC011
02FC016
02FC017
02FD002
02FE008
02FE009
02FE011
02FE013
02FE014
02FE015
02FF002
02FF004
02FF007
02FF008
02GA010
02GA018
02GA038
02GA041
02GA043
02GB001
02GB007
02GC002
02GC007
02GC010
02GC018
02GC021
02GC026
02GC029
02GC030
02GC031
02GD004
02GD010
02GD019
02GD021
02GE003
02GE007
02GG002
02GG003
02GG005
02GG006
02GG009
02GH002
02HA006
02HA007
02HA020
02HB011
02HB012
02HB022
02HB023
02HC003
02HC019
02HC023
02HC024
02HC025
02HC030
02HC047
02HC049
02HD009
02HD012
02HF002
02HF003
02HG001
02HJ001
02HJ003
02HK003
02HK007
02HK008
02HL001
02HL003
02HL004
02HL005
02HM003
02HM004
02HM005
02HM007
02JB013
02JC008
02KD002
02KF005
02KF011
02LA004
02LA006
02LA007
02LB005
02LB007
02LB008
02LC008
02LC029
02LD005
02LE024
02LE025
02LG005
04010500
04014500
04015330
04015500
04016000
04016500
04018750
04024000
04024098
04024430
04025500
04027000
04027500
04029990
04031000
04031500
04033000
04034500
04035500
04036000
04037500
04040000
04040500
04041500
04043050
04044400
04044724
04045500
04046000
04056500
04057000
04057510
04057800
04058100
04058200
04058500
04059000
04059500
04060500
04060993
04061000
04061500
04062000
04062011
04062500
04063000
04063500
04063700
04065106
04065300
04065500
04065722
04066003
04066800
04067000
04067500
04069500
04071000
04071765
04071858
04072150
04073462
04073468
04073500
04074538
04074548
04074950
04077400
04077630
04078500
04079000
04080000
04081000
04082400
04084445
04084500
04085119
040851385
04085200
04085281
04085427
04086000
04086500
04086600
04087000
04087030
04087050
04087088
04087119
04087120
04087159
04087170
04087204
04087220
04087240
04087257
04093000
04094000
04094500
04095300
04095380
04096015
04096100
04096400
04096405
04096515
04096600
04096900
04097500
04097540
04099000
04099510
04099750
04099808
04099850
04100222
04100252
04100295
04100500
04101000
04101370
04101500
04101800
04102500
04102700
04102776
04103010
04103500
04104945
04105000
04105500
04105700
04106000
04106180
04106300
04106320
04106400
04106500
04108500
04108600
04108660
04108670
04108800
04108801
04109000
04111000
04111379
04111500
04112000
04112500
04113000
04114000
04114498
04114500
04115000
04115265
04116000
04116500
04117000
04117500
04118000
04118500
04119000
04121300
04121500
04121900
04121944
04121970
04122000
04122100
04122200
04122500
04124000
04124500
04125460
04125500
04126000
04126740
04127000
04127800
04127918
04127997
04128000
04128990
04129000
04129500
04130000
04130500
04133500
04133501
04134000
04135500
04135600
04135700
04136000
04136500
04137500
04138500
04140500
04142000
04143500
04143900
04144000
04145000
04146000
04146063
04147500
04148140
04148500
04149000
04150000
04150500
04150800
04151500
04152238
04152500
04154000
04155000
04155500
04156000
04158500
04159492
04159500
04159900
04160600
04160800
04160900
04161000
04161100
04161500
04161540
04161580
04161800
04161820
04162900
04163400
04164000
04164100
04164300
04164500
04165500
04166000
04166100
04166300
04166500
04167000
04168000
04170000
04170500
04172000
04173500
04174500
04175600
04176000
04176500
04176605
04177000
04177720
04178000
04179000
04180000
04180500
04181500
04182000
04183000
04183500
04184500
04185000
04185440
04186500
04187500
04189000
04191500
04192500
04193500
04195500
04196000
04196500
04196800
04197000
04197100
04197170
04198000
04199000
04199155
04199500
04200500
04201500
04202000
04206000
04206212
04206220
04207200
04208000
04208504
04209000
04212100
04212500
04213000
04213040
04213075
04213500
04214500
04215000
04215500
04216200
04216418
04216500
04217000
04217500
04218000
04218518
0422026250
04221000
04223000
04224775
04227000
04227500
04228500
04229500
04230380
04230500
04231000
04231600
04232000
04232034
04232050
0423205010
04232100
04232482
04233000
04233300
04234000
04235250
04235500
04237500
04239000
04240010
04240100
04240120
04240180
04240200
04240300
04242500
04243500
04245000
04245200
04246500
04249000
04250200
04250750
04252500
04256000
04257000
04258000
04260500
04261000
04262000
04262500
04263000
04266500
04267500
04268000
04268800
04269000
04270000
04270200
04270510
04271500
04271815
04273500
04273700
04273800
04275000
04275500
04276500
04276842
04278300
04280000
04280350
04280450
04282000
04282500
04282525
04282650
04282780
04282795
04284000
04285500
04286000
04287000
04288000
04289000
04290500
04292000
04292500
04292700
04296000
04296500
